0.002653311
2.233584487
2.347388944
5.446378212
6.245332687
0.083414031
0.002653311
0.018636117
5.296002985
0.00150187
2.299503737
0.307169524
1.681611443
2.18389154
2.151198668
0.018636117
1.454848473
0.001502705
5.121623578
5.979350674
2.198594451
1.681611443
4.569367987
0.001502705
2.541665649
1.681611443
0.001502705
0.001502705
0.001502705
0.309795156
2.331941128
0.001502705
0.001502705
1.135151604
2.380224
1.681611443
0.018636117
0.018636117
0.018636117
0.002653311
0.018636117
2.04995062
0.001502705
4.680172656
0.071357137
1.91655444
0.018636117
0.018636117
1.740975285
0.018636117
2.94211761
0.001502705
6.883942767
5.041468469
6.988255875
4.387807461
2.155939772
0.001502705
0.001502705
0.744056247
0.001502705
0.018636117
2.022828878
4.37757339
1.681611443
0.991912782
1.454848473
4.667947221
0.071357137
1.681611443
0.001502705
0.00150187
2.133275442
0.018636117
4.387417467
0.00150187
2.108394752
0.307169524
0.001502705
0.002653311
5.099245505
1.681611443
0.001502705
1.08294034
0.358539992
5.571711625
3.080930775
2.011955529
2.388297503
0.744056247
1.113533149
4.835763033
5.327941449
0.001502705
1.681611443
5.823710878
0.018636117
0.018636117
0.309795156
2.317558156
1.454848473
0.001502705
0.744056247
0.001502705
2.14907971
0.744056247
0.001502705
0.001502705
4.914922215
2.611137046
0.002653311
0.07389913
2.232354817
1.681611443
4.727006352
0.001502705
4.969035553
6.511601693
0.001502705
0.018636117
1.681611443
0.001502705
1.373390947
2.076797002
2.73965164
0.001502705
3.008573706
0.018636117
0.07389913
4.511698995
5.474335081
2.378133447
2.452031645
1.743561741
0.744056247
0.001502705
1.681611443
4.796299996
4.509041734
0.002653311
4.597495189
5.444530568
1.825290809
4.416256914
1.373390947
2.827750242
2.535299127
0.001502705
0.001502705
4.424090591
0.018636117
0.018636117
4.735787757
4.879504071
0.07389913
2.672411202
2.063490932
5.351918596
0.002653311
0.018636117
2.748786059
2.325368961
2.937962147
4.934937054
0.064060777
5.554483696
0.018636117
0.018636117
1.962825534
1.681611443
5.228417268
6.665279847
2.298354464
2.199936958
1.454848473
4.834249384
2.257030993
0.07389913
1.03409965
0.018636117
3.336348157
1.926693932
0.00150187
0.018636117
0.744056247
4.955873726
5.408835182
1.681611443
2.142522958
1.848686856
0.018636117
1.454848473
0.064060777
0.002653311
4.759659004
2.339816537
3.115621067
0.07389913
4.235626057
0.001502705
0.018636117
0.002653311
0.07389913
4.336782569
0.018636117
0.300975113
0.358539992
2.421793075
0.001502705
0.744056247
0.00150187
0.358539992
0.07389913
6.967195255
0.07389913
1.454848473
5.849165046
5.444495789
2.509871641
0.001502705
0.001502705
0.018636117
1.373390947
4.910618728
0.018636117
5.798819277
0.018636117
2.237749292
0.018636117
0.018636117
5.045582038
0.018636117
0.071357137
1.454848473
4.672006722
0.001502705
0.001502705
1.856805958
0.001502705
2.064054638
0.083414031
4.445053232
5.207153451
0.071357137
0.064060777
0.001502705
0.001502705
0.018636117
0.018636117
0.018636117
0.001502705
0.018636117
2.139432396
5.861304076
5.741789441
1.454848473
2.621138254
0.001502705
0.002653311
0.001502705
2.171259821
0.018636117
0.018636117
0.744056247
0.001502705
0.018636117
2.391613797
0.002653311
4.493354487
0.001502705
1.454848473
0.018636117
0.00150187
0.001502705
0.309795156
4.829718072
5.912117978
1.864330247
2.366042292
0.001502705
0.018636117
4.734004082
1.125350093
0.07389913
0.07389913
0.001502705
0.001502705
2.36285454
0.018636117
1.98531413
2.292020248
2.430477923
4.579836683
2.239510638
0.018636117
0.002653311
0.001502705
0.002653311
4.418330955
6.12788489
1.214980805
2.503015887
1.454848473
0.018636117
1.373390947
2.235161782
0.001502705
0.07389913
1.454848473
4.8335656
2.17921762
0.00150187
0.018636117
0.07389913
1.454848473
1.681611443
0.001502705
2.047563188
0.018636117
0.064060777
1.454848473
0.018636117
0.001502705
4.281418918
1.681611443
1.681611443
1.78723296
0.071357137
0.001502705
0.001502705
1.779423636
2.517716371
0.001502705
4.93930774
1.681611443
0.018636117
5.042030525
2.623225553
4.27928683
0.00150187
0.002653311
0.018636117
0.98826952
5.360819598
2.127767901
0.018636117
5.418772154
0.002653311
1.681611443
4.513952857
4.950095751
0.071357137
0.071357137
1.681611443
0.018636117
2.126513271
5.776386027
1.681611443
2.018027147
0.018636117
2.033506954
2.566153385
4.8298114
1.125387498
0.001502705
0.001502705
0.018636117
0.897674621
0.307169524
0.001502705
1.681611443
0.001502705
1.954404389
5.657102764
1.681611443
0.001502705
0.001502705
0.002653311
0.001502705
5.017264782
6.56537093
0.001502705
2.414631701
0.07389913
2.764989052
2.042467654
2.817744788
1.373390947
1.454848473
4.730505993
0.07389913
1.681611443
5.123669025
0.018636117
4.343686999
0.001502705
3.159355201
1.889662893
0.001502705
0.001502705
0.001502705
5.346870638
4.226452002
1.317243707
2.019057696
4.671782005
1.079202776
2.773926498
0.018636117
1.775283756
0.018636117
0.07389913
4.380476537
0.018636117
0.002653311
2.095372937
4.495702747
4.567325925
0.018636117
0.001502705
0.002653311
0.001502705
0.001502705
0.358539992
4.386320852
0.744056247
0.018636117
2.269996302
2.091074361
0.064060777
1.454848473
1.681611443
0.07389913
5.073047341
2.06590877
4.527090834
0.001502705
0.001502705
3.041231569
4.394256233
2.515713703
1.420217599
0.001502705
0.002653311
4.94292006
2.029289571
4.779246134
0.309795156
1.681611443
5.356269949
0.309795156
5.053518386
2.528155615
4.401916099
4.214247595
0.002653311
4.648769878
0.307169524
1.681611443
1.885499184
2.591344033
1.681611443
0.00150187
0.064060777
0.018636117
0.071357137
5.170403794
4.705325545
0.001502705
0.358539992
4.263225132
0.018636117
0.018636117
0.018636117
0.001502705
0.071357137
2.838110086
0.071357137
0.00150187
1.454848473
1.168242914
0.018636117
0.002653311
2.083824095
2.659659008
3.090115294
2.307520968
4.783949465
2.118421646
0.001502705
5.408590636
2.07406093
2.381748493
5.213505534
1.204963761
0.001502705
1.681611443
0.001502705
0.002653311
1.681611443
1.681611443
0.001502705
0.001502705
4.39845613
0.071357137
0.744056247
0.018636117
0.018636117
0.00150187
4.408431853
1.681611443
0.00150187
0.001502705
4.817704299
0.018636117
1.681611443
2.137669622
0.071357137
2.543464557
0.018636117
3.980000518
0.018636117
1.454848473
1.177143261
0.07389913
0.00150187
4.748397511
4.772688025
0.018636117
0.001502705
4.476083564
0.071357137
0.018636117
1.681611443
0.00150187
0.07389913
1.980420385
0.018636117
0.744056247
0.00150187
0.083414031
0.002653311
2.021248943
2.456156402
6.780558984
0.018636117
5.050793326
5.143127651
2.342517194
1.681611443
2.382408207
2.156615772
0.307169524
4.896071944
0.001502705
5.326277017
0.018636117
0.001502705
0.00150187
0.018636117
1.868492898
6.272520559
1.870877484
0.744056247
0.018636117
2.377474153
0.001502705
2.125242397
0.064060777
4.189956823
4.514931595
1.431019072
4.153806353
0.307169524
1.454848473
0.071357137
4.957668041
6.571884905
0.002653311
0.018636117
0.001502705
0.001502705
2.027678739
0.071357137
1.454848473
0.002653311
0.018636117
0.07389913
4.642441376
0.018636117
1.454848473
0.744056247
2.26264909
2.062209922
1.681611443
0.064060777
6.36919773
0.002653311
1.681611443
4.552192515
0.002653311
0.00150187
4.166041715
2.468366126
5.46164006
0.744056247
0.001502705
2.402738848
2.229780954
5.513327664
1.681611443
4.401104005
4.601744459
3.106556447
0.744056247
0.064060777
2.900235107
2.623284638
0.002653311
0.00150187
2.251177727
0.018636117
0.018636117
1.942656885
0.002653311
0.744056247
0.307169524
0.001502705
0.018636117
0.07389913
1.076610606
1.681611443
0.001502705
0.001502705
0.001502705
2.554177627
2.654765162
4.499926243
3.079684373
0.018636117
4.697572471
0.07389913
0.001502705
4.862435821
0.018636117
0.358539992
0.00150187
2.006909101
0.018636117
1.681611443
4.668298126
0.001502705
4.790148853
4.59167485
4.77103449
0.071357137
0.001502705
0.07389913
0.001502705
0.001502705
2.124286183
0.018636117
0.744056247
0.018636117
2.219440356
1.051493229
0.001502705
1.681611443
0.001502705
0.018636117
4.902633408
0.001502705
0.001502705
1.048142736
0.001502705
0.001502705
2.05125926
0.071357137
0.744056247
1.530400109
0.018636117
0.018636117
2.525908469
0.001502705
4.606278921
0.309795156
0.071357137
0.00150187
4.675226961
0.071357137
0.744056247
0.002653311
2.027749915
4.327316564
0.001502705
1.454848473
1.92363009
1.681611443
0.309795156
2.319408355
0.001502705
1.395021541
0.018636117
4.388740515
0.018636117
1.681611443
2.263543045
4.460783521
0.744056247
4.97345903
2.503035191
0.07389913
0.018636117
0.002653311
0.00150187
0.001502705
0.018636117
1.799693162
2.365040883
0.744056247
0.018636117
0.00150187
0.018636117
1.681611443
0.358539992
0.00150187
0.018636117
0.307169524
6.055383969
0.083414031
0.744056247
2.635635007
1.681611443
1.454848473
0.001502705
0.07389913
0.018636117
1.785759514
2.350320424
2.589530982
0.92920243
0.001502705
0.001502705
0.001502705
0.018636117
5.001140224
4.409476263
0.001502705
4.901026482
0.018636117
2.336062655
2.438375154
4.556798893
0.018636117
0.001502705
2.209116418
2.80714493
2.748230785
5.535058283
0.018636117
0.001502705
1.681611443
5.575417734
0.001502705
5.873048377
1.681611443
0.001502705
6.490565587
0.002653311
2.267939043
0.001502705
4.609794503
0.018636117
0.018636117
0.018636117
4.707930244
1.681611443
0.309795156
0.789461386
0.002653311
1.521264899
0.001502705
0.001502705
5.417652613
0.001502705
0.07389913
0.001502705
0.083414031
0.744056247
0.00150187
1.831917842
0.744056247
4.84850614
5.241758026
1.681611443
3.029539969
2.306706027
0.001502705
1.454848473
2.183440159
0.018636117
2.067531749
0.071357137
0.744056247
0.064060777
0.001502705
1.346213824
4.688396159
0.07389913
5.192361657
4.072513339
1.681611443
0.001502705
0.018636117
0.064060777
0.07389913
0.018636117
4.315779503
4.97766731
0.018636117
2.271516542
2.455403817
2.06046415
1.681611443
1.037353472
2.212398069
0.018636117
0.018636117
0.071357137
0.001502705
4.982988372
0.309795156
0.018636117
0.300975113
0.071357137
0.00150187
0.307169524
1.681611443
0.064060777
1.681611443
0.071357137
1.681611443
1.681611443
0.018636117
1.681611443
6.458336984
0.018636117
1.800418161
0.309795156
5.437223215
2.617699032
1.681611443
2.433914134
1.635317657
0.071357137
2.581461432
0.018636117
0.002653311
2.31540657
0.00150187
6.010348465
0.001502705
2.693808795
0.018636117
0.923590183
1.681611443
2.814388973
4.380223456
0.001502705
2.149461472
1.681611443
1.454848473
0.018636117
2.411198425
0.001502705
0.018636117
4.726763519
3.234203914
0.744056247
0.018636117
0.002653311
4.535044795
0.064060777
0.001502705
0.018636117
5.630356667
0.001502705
0.001502705
2.122189478
1.895653412
0.001502705
3.190734381
2.46854051
0.018636117
0.018636117
2.062273405
5.62288311
0.001502705
0.018636117
0.001502705
4.538690742
1.681611443
0.002653311
0.744056247
3.88001644
5.320530426
1.681611443
6.479697152
0.071357137
0.018636117
2.026884768
2.530113687
2.2145182
0.002653311
4.200279089
0.018636117
1.681611443
5.345180216
3.005045245
1.681611443
0.001502705
0.744056247
0.018636117
0.018636117
1.454848473
0.071357137
4.277878
0.018636117
0.064060777
0.018636117
0.744056247
5.486770117
0.001502705
0.001502705
1.454848473
0.018636117
0.018636117
1.883950184
1.681611443
1.681611443
2.845979811
4.549313607
0.018636117
0.071357137
0.018636117
0.018636117
0.001502705
1.880935321
0.07389913
0.018636117
0.001502705
0.002653311
0.309795156
1.944512526
0.018636117
5.071831312
0.001502705
1.681611443
0.001502705
0.018636117
1.17385496
0.300975113
1.681611443
1.681611443
0.071357137
1.454848473
0.001502705
2.0830757
5.436986293
0.001502705
0.018636117
0.071357137
0.002653311
1.825063808
2.027040679
1.86351983
5.347590865
6.9062018
0.018636117
2.94610223
0.018636117
2.620489344
0.07389913
1.92906569
0.744056247
4.232061055
1.681611443
0.001502705
4.62577625
2.02873211
0.071357137
1.454848473
0.001502705
0.002653311
0.001502705
0.018636117
1.681611443
5.660716053
2.615588777
5.81197155
2.891713551
0.744056247
5.173701386
0.018636117
0.001502705
0.018636117
0.018636117
0.001502705
0.018636117
0.309795156
0.018636117
1.990585719
0.018636117
5.570856895
2.050688212
0.001502705
0.307169524
0.744056247
0.001502705
1.681611443
5.650384173
0.001502705
2.203782646
0.002653311
0.001502705
0.018636117
0.07389913
4.438793454
5.196607822
0.018636117
0.307169524
0.018636117
2.08018257
0.018636117
0.018636117
1.879029922
0.018636117
1.681611443
2.336946791
1.993655707
1.681611443
1.681611443
0.001502705
0.018636117
4.826745553
0.001502705
2.173229076
2.80544186
0.07389913
0.002653311
0.001502705
1.082347905
0.018636117
2.645779383
1.681611443
0.018636117
0.018636117
0.018636117
0.307169524
4.263646448
4.880265118
0.001502705
0.018636117
1.900682171
1.681611443
0.001502705
5.212214385
0.018636117
0.992912192
2.246209204
2.071256865
0.018636117
0.018636117
2.177564519
4.665418302
0.018636117
4.511183828
1.681611443
0.00150187
4.666392855
2.056031642
2.947679229
2.088427718
5.045240768
0.018636117
0.309795156
4.495427308
2.36358248
0.001502705
1.681611443
7.089510603
0.018636117
5.429953265
2.740779273
4.840953264
4.95385351
0.001502705
1.85194736
1.454848473
0.018636117
2.277315709
0.001502705
0.018636117
1.007585896
0.071357137
0.018636117
0.001502705
0.309795156
0.001502705
4.703579824
5.71644631
1.681611443
0.001502705
0.001502705
0.973904559
5.278835735
0.00150187
2.564722803
0.018636117
0.002653311
4.862054492
4.914680405
0.07389913
1.373390947
0.307169524
2.223907968
1.681611443
1.681611443
2.256868575
0.018636117
4.375076647
0.001502705
4.490954095
0.001502705
4.263076875
2.252191598
1.681611443
0.018636117
5.091557006
1.681611443
0.001502705
1.681611443
2.221355273
0.018636117
0.018636117
0.00150187
0.018636117
1.756214336
0.001502705
2.1463272
4.650042489
0.001502705
2.822605693
0.001502705
5.029363142
0.018636117
4.962430903
2.386707903
0.001502705
0.018636117
1.681611443
1.845802931
3.282776716
4.070298753
1.454848473
0.002653311
4.986896382
6.012801834
0.309795156
6.158430584
0.001502705
4.678256507
0.064060777
2.326190722
5.431594968
2.269886827
0.018636117
1.454848473
0.018636117
2.590036449
2.748784938
4.71224461
0.309795156
0.018636117
5.160925939
0.001502705
2.021020165
1.681611443
1.987789264
0.001502705
0.071357137
0.064060777
0.001502705
0.018636117
0.018636117
0.018636117
4.568497371
0.307169524
0.018636117
2.622162348
2.180527948
0.00150187
2.044306979
1.681611443
1.117271501
1.681611443
4.883048559
2.284033676
0.018636117
2.526731115
1.681611443
0.018636117
4.398191652
6.329289546
2.484621357
1.681611443
1.454848473
0.358539992
1.681611443
2.206320834
6.442923375
0.744056247
0.001502705
0.00150187
5.092955315
0.018636117
6.179258083
1.681611443
1.375259404
1.493166491
0.001502705
1.775948211
1.454848473
6.583697065
5.428647042
0.307169524
4.636065918
4.739394544
2.085587207
0.307169524
4.370320706
2.960021362
2.539077526
0.001502705
2.30047893
0.001502705
0.001502705
5.178945279
0.018636117
4.874718516
0.999701304
0.860558032
0.307169524
2.217121291
5.540350308
0.744056247
5.042359686
1.681611443
0.001502705
2.615513249
1.681611443
1.681611443
0.001502705
3.077201759
0.018636117
0.307169524
1.681611443
0.001502705
0.071357137
1.836688823
0.001502705
0.744056247
4.566693425
4.743132684
1.681611443
2.23008124
0.744056247
6.716906157
1.681611443
4.843298268
1.681611443
0.001502705
0.071357137
5.150278231
1.941679684
2.860254163
0.001502705
4.859248215
0.309795156
1.879092904
1.783717435
1.681611443
0.829917911
1.822663047
4.324404118
0.744056247
2.848474981
1.454848473
5.388905714
0.001502705
4.890981385
1.681611443
1.681611443
1.722129743
5.836771773
0.07389913
0.018636117
0.001502705
1.681611443
0.071357137
0.001502705
1.454848473
0.001502705
2.931510636
0.018636117
2.215864641
4.228396596
5.334772452
1.859244454
0.00150187
4.244903887
5.152999391
1.504589517
1.681611443
1.205090768
0.00150187
1.681611443
1.454848473
6.344911306
0.018636117
0.001502705
0.001502705
0.001502705
0.018636117
0.00150187
4.268929133
4.645261594
0.064060777
1.681611443
2.21782496
1.979344351
0.300975113
0.00150187
0.001502705
4.484417742
5.60822631
0.002653311
0.789461386
4.718047139
2.445747584
2.200689942
0.00150187
0.018636117
0.001502705
4.739984237
0.018636117
0.018636117
0.083414031
0.018636117
1.681611443
1.85628648
2.083557609
1.681611443
0.744056247
0.001502705
1.681611443
2.361120897
0.001502705
0.744056247
0.307169524
4.915929612
0.744056247
1.454848473
2.195631635
4.657427515
0.00150187
5.276179475
0.018636117
0.744056247
0.001502705
0.309795156
4.998481716
0.018636117
2.014942267
0.001502705
0.001502705
0.001502705
2.320056421
4.143930619
5.529518457
0.001502705
1.681611443
0.064060777
0.07389913
0.309795156
1.08406242
1.373390947
0.002653311
0.018636117
4.723997613
2.206697827
5.472234735
1.373390947
0.018636117
1.994584686
0.744056247
0.018636117
0.001502705
4.505798645
0.018636117
1.681611443
1.293996478
0.018636117
0.789461386
0.018636117
0.001502705
0.018636117
0.001502705
0.018636117
1.681611443
1.681611443
0.064060777
0.002653311
1.681611443
0.001502705
0.001502705
1.114893085
1.920804909
0.018636117
0.744056247
5.877003134
6.724321701
4.960152268
0.001502705
1.681611443
0.001502705
2.268304359
1.9401319
2.015768094
0.018636117
0.744056247
1.835571415
0.001502705
2.23756772
6.813324721
5.15799983
7.066727543
5.307069828
2.215168235
0.001502705
0.001502705
0.744056247
4.890031547
0.018636117
1.389684943
5.363343547
0.002653311
0.001502705
2.302626317
0.002653311
1.169708824
4.864526095
2.060985591
3.029302926
0.07389913
0.001502705
2.441432865
2.725536174
5.727116442
1.681611443
0.789461386
0.002653311
2.802694453
0.00150187
0.018636117
1.037770954
2.241064807
1.681611443
0.07389913
5.570535516
2.648585299
1.681611443
5.454096084
1.681611443
5.351113076
0.001502705
1.373390947
0.083414031
1.015133502
1.989675524
0.001502705
4.674711795
2.699918108
0.071357137
0.00150187
1.681611443
1.454848473
1.681611443
4.515386209
2.699086882
2.066314585
4.188637045
0.071357137
0.018636117
0.018636117
0.309795156
1.950880966
1.681611443
5.989389244
0.309795156
0.811912678
4.291434639
1.954834871
1.681611443
3.012318596
0.064060777
1.973121478
2.180817976
0.307169524
2.277070607
0.00150187
0.018636117
0.071357137
2.217344595
0.018636117
0.001502705
1.454848473
2.072279175
0.001502705
0.001502705
0.001502705
3.05304029
0.07389913
2.210442203
0.018636117
0.358539992
0.083414031
0.001502705
1.681611443
0.00150187
1.681611443
4.884483262
2.901439628
4.81622888
4.809205048
2.568528375
5.048879533
4.887516493
1.454848473
2.059576339
4.530053172
0.307169524
0.001502705
0.001502705
1.041613345
0.002653311
0.018636117
4.570276453
0.744056247
1.454848473
4.38864747
2.517997789
0.00150187
0.001502705
0.07389913
1.373390947
1.681611443
0.083414031
0.001502705
1.454848473
4.884905654
4.004461459
4.180064942
1.887184064
0.00150187
1.681611443
5.118112348
1.454848473
0.018636117
2.029774357
4.811356699
0.001502705
0.300975113
0.001502705
6.463297142
1.454848473
5.038902263
0.002653311
0.001502705
1.97826826
5.079225924
0.018636117
2.166074377
2.564585775
0.002653311
0.07389913
1.681611443
0.001502705
1.681611443
0.018636117
1.681611443
1.964505441
0.00150187
0.001502705
1.681611443
0.001502705
1.454848473
3.641043893
6.490931062
0.001502705
4.262658834
0.309795156
1.144541124
0.001502705
1.681611443
0.018636117
0.001502705
1.373390947
2.005154815
0.001502705
0.07389913
2.183462801
0.018636117
2.588360811
5.044636032
0.018636117
0.018636117
0.309795156
0.744056247
1.373390947
4.432730202
4.754117625
0.744056247
0.064060777
1.681611443
3.880323185
0.001502705
0.001502705
0.744056247
0.018636117
0.002653311
6.199229405
3.989277346
0.018636117
4.642615272
2.218241498
1.681611443
1.454848473
2.180331364
0.00150187
1.967447744
1.951550608
5.6548927
0.001502705
2.174917356
1.681611443
0.001502705
2.960126569
6.767025657
0.071357137
0.309795156
0.001502705
3.000755003
1.801675319
0.001502705
0.001502705
2.996237374
2.694183513
4.647108307
0.744056247
1.454848473
1.874069485
0.018636117
0.018636117
1.681611443
4.655899958
0.884850873
2.612204317
1.681611443
0.309795156
0.018636117
0.001502705
2.067995722
0.001502705
0.744056247
0.018636117
0.307169524
2.258186881
1.681611443
0.018636117
1.681611443
0.018636117
0.744056247
0.358539992
0.001502705
1.67107085
1.873979262
5.141938681
0.001502705
2.936879968
2.207255823
1.929186445
2.184007796
0.00150187
2.146948845
0.018636117
0.309795156
0.018636117
0.358539992
1.681611443
4.778985654
0.083414031
0.744056247
1.331556593
0.018636117
0.001502705
1.681611443
0.018636117
1.889653647
0.307169524
0.001502705
5.260934303
4.368925503
4.810854885
2.878021012
2.511625087
0.744056247
0.018636117
0.002653311
0.307169524
4.683141398
0.744056247
5.506663257
0.001502705
0.358539992
0.001502705
2.501662784
3.177233456
5.000375007
0.018636117
0.307169524
5.129655421
0.018636117
0.071357137
1.40141483
4.728540425
2.034316596
0.002653311
1.681611443
2.557995575
4.866322582
0.018636117
1.916742748
1.681611443
0.07389913
2.002691113
3.037463024
2.038034025
0.001502705
2.347523363
2.847710428
0.309795156
0.018636117
0.018636117
0.001502705
2.099870782
1.681611443
2.285709394
2.940761932
1.817916894
0.001502705
0.00150187
1.454848473
0.789461386
2.14871025
4.68620332
2.036243174
4.360002629
1.681611443
1.681611443
0.001502705
1.681611443
1.681611443
1.454848473
2.309483868
4.577789995
1.681611443
0.001502705
0.828367263
1.136115501
5.693027331
2.169135333
4.687858227
2.605645831
2.196715548
2.020046353
1.454848473
1.454848473
0.744056247
0.018636117
4.400950721
0.001502705
0.001502705
0.002653311
0.309795156
3.187969319
6.880066584
0.00150187
2.000592891
4.604144533
1.007291335
0.744056247
0.071357137
2.681138579
0.07389913
0.083414031
0.018636117
1.404259
0.018636117
0.001502705
0.309795156
3.015212316
4.271268607
0.744056247
0.001502705
0.001502705
0.001502705
2.971325176
0.002653311
0.018636117
0.001502705
5.815964849
1.681611443
0.018636117
2.605004062
0.300975113
0.018636117
0.001502705
2.151153136
0.064060777
4.824836166
0.002653311
1.681611443
1.040407626
1.681611443
0.744056247
0.07389913
2.55430703
1.878843855
0.00150187
0.018636117
2.573237732
2.30353921
0.001502705
4.915905701
0.001502705
0.001502705
0.00150187
0.001502705
1.454848473
2.348115984
0.002653311
1.101962826
5.441978538
2.075083851
4.47173386
2.183614566
0.018636117
1.681611443
1.681611443
0.071357137
2.691287158
1.454848473
0.358539992
2.51239954
0.001502705
0.001502705
0.307169524
1.681611443
1.198563011
0.018636117
0.001502705
2.6024879
4.886495559
0.002653311
3.137828289
0.018636117
0.001502705
0.001502705
1.681611443
0.018636117
0.071357137
1.681611443
2.035267436
0.018636117
0.001502705
5.029100771
4.616694816
0.018636117
0.002653311
0.744056247
6.732298134
0.309795156
0.071357137
4.294761559
4.893502683
0.001502705
4.422882159
0.00150187
0.001502705
0.018636117
0.309795156
0.018636117
0.001502705
0.07389913
4.450522111
0.744056247
2.76276151
2.532214755
0.358539992
0.001502705
1.681611443
4.423641533
2.927073991
4.76737905
0.309795156
2.004176802
0.309795156
1.937204095
2.219096127
4.569040358
1.052612417
0.300975113
0.307169524
0.001502705
0.001502705
0.001502705
0.307169524
1.827485615
0.00150187
5.73615273
4.62390159
4.875782733
0.07389913
5.413415625
0.001502705
0.001502705
0.002653311
2.136586338
4.621064603
3.266933797
1.681611443
0.001502705
1.889437123
0.001502705
1.833148301
2.08438165
5.400218608
5.623291935
1.454848473
0.018636117
2.074589504
5.267658386
0.018636117
0.001502705
0.018636117
0.00150187
0.00150187
1.681611443
1.977411817
0.001502705
0.018636117
1.454848473
2.420279137
0.018636117
0.00150187
0.00150187
5.025721886
3.104596207
2.615623645
0.018636117
2.312605344
0.744056247
5.463309489
1.373390947
3.047915006
1.681611443
4.335091573
0.018636117
5.993477029
2.17878914
1.103101354
0.07389913
1.681611443
2.152109364
0.001502705
2.350610734
1.494632438
0.018636117
